L =

   4   0   0
  -2   5   0
   1   7   3

c =

  -2
   5
   6

n = 3
x =

  -0.5000   0.8000   0.3000

r =

   0
   0
   0

